11.0,2.0,1.0,2.0,40.0,36.0,11.0,26.0,15.0,7.0,2.0,1.0,4.0,24.0,106.0,4.0,0.0,0.0,0.0,0.0,52.0,126.0,61.0,2.0,1.0,0.0,0.0,0.0,68.0,93.0,3.0,23.0,11.0,35.0,11.0,4.0,13.0,6.0,7.0,126.0,648192
0.0,17.0,16.0,1.0,3.0,13.0,2.0,13.0,10.0,29.0,12.0,0.0,0.0,5.0,9.0,160.0,29.0,5.0,1.0,2.0,0.0,1.0,79.0,75.0,9.0,7.0,48.0,115.0,13.0,3.0,21.0,0.0,0.0,37.0,31.0,0.0,0.0,0.0,0.0,96.0,57600

19.0,4.0,30.0,45.0,0.0,0.0,1.0,164.0,27.0,0.0,1.0,5.0,1.0,0.0,24.0,65.0,7.0,1.0,28.0,164.0,4.0,0.0,14.0,14.0,21.0,2.0,10.0,45.0,1.0,2.0,10.0,53.0,31.0,6.0,39.0,15.0,0.0,0.0,1.0,164.0,254592

0.0,0.0,17.0,16.0,1.0,3.0,13.0,2.0,13.0,10.0,29.0,12.0,0.0,0.0,5.0,9.0,160.0,29.0,5.0,1.0,2.0,0.0,1.0,79.0,75.0,9.0,7.0,48.0,115.0,13.0,3.0,21.0,0.0,0.0,37.0,31.0,0.0,0.0,0.0,0.0,96.0,18.0,32.0,18.0,0.0,0.0,0.0,9.0,160.0,7.0,1.0,0.0,5.0,13.0,6.0,160.0,28.0,0.0,1.0,7.0,69.0,103.0,43.0,40.0,0.0,0.0,4.0,11.0,5.0,8.0,2.0,0.0,143.0,10.0,3.0,5.0,2.0,4.0,2.0,6.0,160.0,61.0,3.0,6.0,2.0,5.0,1.0,16.0,39.0,16.0,21.0,38.0,43.0,48.0,7.0,5.0,0.0,0.0,0.0,0.0,0.0,13.0,12.0,0.0,52.0,14.0,0.0,0.0,0.0,8.0,11.0,6.0,160.0,158.0,2.0,5.0,5.0,0.0,0.0,1.0,28.0,57.0,28.0,32.0,53.0,14.0,0.0,0.0,4.0,57600

[0, 0, 17, 16, 1, 3, 13, 2, 13, 10, 29, 12, 0, 0, 5, 9, 160, 29, 5, 1, 2, 0, 1, 79, 75, 9, 7, 48, 115, 13, 3, 21, 0, 0, 37, 31, 0, 0, 0, 0, 96, 18, 32, 18, 0, 0, 0, 9, 160, 7, 1, 0, 5, 13, 6, 160, 28, 0, 1, 7, 69, 103, 43, 40, 0, 0, 4, 11, 5, 8, 2, 0, 143, 10, 3, 5, 2, 4, 2, 6, 160, 61, 3, 6, 2, 5, 1, 16, 39, 16, 21, 38, 43, 48, 7, 5, 0, 0, 0, 0, 0, 13, 12, 0, 52, 14, 0, 0, 0, 8, 11, 6, 160, 158, 2, 5, 5, 0, 0, 1, 28, 57, 28, 32, 53, 14, 0, 0]

[30, 19, 4, 30, 45, 0, 0, 1, 164, 27, 0, 1, 5, 1, 0, 24, 65, 7, 1, 28, 164, 4, 0, 14, 14, 21, 2, 10, 45, 1, 2, 10, 53, 31, 6, 39, 15, 0, 0, 1, 164, 30, 0, 2, 11, 2, 0, 37, 73, 5, 1, 18, 164, 23, 2, 17, 15, 18, 1, 3, 50, 14, 17, 25, 57, 13, 1, 7, 6, 10, 9, 9, 164, 28, 1, 6, 15, 1, 1, 21, 64, 8, 2, 31, 164, 14, 3, 6, 13, 5, 1, 2, 22, 8, 18, 32, 51, 6, 4, 5, 2, 4, 3, 26, 164, 3, 0, 6, 12, 1, 0, 57, 42, 5, 2, 48, 127, 7, 0, 3, 40, 16, 3, 11, 14, 1, 0, 2]
30.0,19.0,4.0,30.0,45.0,0.0,0.0,1.0,164.0,27.0,0.0,1.0,5.0,1.0,0.0,24.0,65.0,7.0,1.0,28.0,164.0,4.0,0.0,14.0,14.0,21.0,2.0,10.0,45.0,1.0,2.0,10.0,53.0,31.0,6.0,39.0,15.0,0.0,0.0,1.0,164.0,30.0,0.0,2.0,11.0,2.0,0.0,37.0,73.0,5.0,1.0,18.0,164.0,23.0,2.0,17.0,15.0,18.0,1.0,3.0,50.0,14.0,17.0,25.0,57.0,13.0,1.0,7.0,6.0,10.0,9.0,9.0,164.0,28.0,1.0,6.0,15.0,1.0,1.0,21.0,64.0,8.0,2.0,31.0,164.0,14.0,3.0,6.0,13.0,5.0,1.0,2.0,22.0,8.0,18.0,32.0,51.0,6.0,4.0,5.0,2.0,4.0,3.0,26.0,164.0,3.0,0.0,6.0,12.0,1.0,0.0,57.0,42.0,5.0,2.0,48.0,127.0,7.0,0.0,3.0,40.0,16.0,3.0,11.0,14.0,1.0,0.0,2.0,47.0,254592


[14, 11, 2, 1, 2, 40, 36, 11, 26, 15, 7, 2, 1, 4, 24, 106, 4, 0, 0, 0, 0, 52, 126, 61, 2, 1, 0, 0, 0, 68, 93, 3, 23, 11, 35, 11, 4, 13, 6, 7, 126, 25, 8, 7, 2, 5, 30, 126, 19, 5, 13, 41, 40, 75, 93, 74, 0, 0, 3, 10, 31, 83, 32, 0, 31, 31, 26, 23, 12, 0, 0, 0, 126, 126, 109, 26, 2, 0, 1, 13, 13, 59, 126, 112, 16, 4, 1, 5, 0, 20, 96, 59, 21, 5, 0, 0, 2, 11, 11, 23, 20, 6, 3, 1, 12, 85, 68, 7, 3, 2, 7, 10, 2, 41, 126, 19, 2, 0, 1, 1, 4, 33, 126, 16, 0, 0, 0, 0]

14.0,11.0,2.0,1.0,2.0,40.0,36.0,11.0,26.0,15.0,7.0,2.0,1.0,4.0,24.0,106.0,4.0,0.0,0.0,0.0,0.0,52.0,126.0,61.0,2.0,1.0,0.0,0.0,0.0,68.0,93.0,3.0,23.0,11.0,35.0,11.0,4.0,13.0,6.0,7.0,126.0,25.0,8.0,7.0,2.0,5.0,30.0,126.0,19.0,5.0,13.0,41.0,40.0,75.0,93.0,74.0,0.0,0.0,3.0,10.0,31.0,83.0,32.0,0.0,31.0,31.0,26.0,23.0,12.0,0.0,0.0,0.0,126.0,126.0,109.0,26.0,2.0,0.0,1.0,13.0,13.0,59.0,126.0,112.0,16.0,4.0,1.0,5.0,0.0,20.0,96.0,59.0,21.0,5.0,0.0,0.0,2.0,11.0,11.0,23.0,20.0,6.0,3.0,1.0,12.0,85.0,68.0,7.0,3.0,2.0,7.0,10.0,2.0,41.0,126.0,19.0,2.0,0.0,1.0,1.0,4.0,33.0,126.0,16.0,0.0,0.0,0.0,0.0,61.0,648192
